# Chunk-averaged data for fix 3 and group all
# Timestep Number-of-chunks Total-count
# Chunk Coord1 Ncount v_temp1
200000 69 5000
  1 -4.51858 75.0259 499.718
  2 -2.51858 58.7882 501.125
  3 -0.518584 91.2118 499.163
  4 1.48142 51.5733 498.499
  5 3.48142 98.4267 498.16
  6 5.48142 50.1259 498.529
  7 7.48142 99.8738 497.363
  8 9.48142 50.0074 499.034
  9 11.4814 99.9847 500.409
  10 13.4814 50.0084 498.217
  11 15.4814 99.8006 499.064
  12 17.4814 50.1992 497.018
  13 19.4814 97.7956 498.449
  14 21.4814 52.2044 497.379
  15 23.4814 89.1931 499.324
  16 25.4814 60.8069 497.564
  17 27.4814 72.8751 495.929
  18 29.4814 77.1249 497.103
  19 31.4814 57.4592 496.554
  20 33.4814 92.5408 494.11
  21 35.4814 51.279 497.965
  22 37.4814 98.721 497.642
  23 39.4814 50.1091 496.473
  24 41.4814 99.8906 496.111
  25 43.4814 50.0042 494.955
  26 45.4814 99.9842 496.899
  27 47.4814 50.0118 495.593
  28 49.4814 99.7361 496.51
  29 51.4814 50.2639 498.201
  30 53.4814 97.406 498.933
  31 55.4814 52.594 500.742
  32 57.4814 87.9379 501.473
  33 59.4814 62.0621 500.132
  34 61.4814 70.8248 499.421
  35 63.4814 79.1752 499.016
  36 65.4814 56.3537 497.802
  37 67.4814 93.6463 497.679
  38 69.4814 50.9707 495.291
  39 71.4814 99.0293 498.167
  40 73.4814 50.0578 500.767
  41 75.4814 99.9416 497.242
  42 77.4814 50.0037 497.746
  43 79.4814 99.9808 499.747
  44 81.4814 50.0162 500.403
  45 83.4814 99.6417 497.82
  46 85.4814 50.3583 495.872
  47 87.4814 96.6449 498.939
  48 89.4814 53.3551 499.26
  49 91.4814 86.095 498.067
  50 93.4814 63.905 498.774
  51 95.4814 68.818 499.527
  52 97.4814 81.182 499.163
  53 99.4814 55.2789 501.285
  54 101.481 94.7211 500.05
  55 103.481 50.8065 499.874
  56 105.481 99.1935 502.123
  57 107.481 50.0612 503.211
  58 109.481 99.9378 500.649
  59 111.481 50.0031 501.199
  60 113.481 99.9675 501.7
  61 115.481 50.0304 498.291
  62 117.481 99.5262 500.023
  63 119.481 50.4738 499.135
  64 121.481 96.1456 498.518
  65 123.481 53.8544 496.235
  66 125.481 84.4659 498.71
  67 127.481 65.5341 498.077
  68 129.481 66.7391 499.026
  69 131.481 8.23499 499.7
