# Chunk-averaged data for fix 3 and group all
# Timestep Number-of-chunks Total-count
# Chunk Coord1 Ncount v_temp1
200000 69 5000
  1 -4.51858 75.0339 496.682
  2 -2.51858 58.928 497.009
  3 -0.518584 91.072 498.525
  4 1.48142 51.4317 494.545
  5 3.48142 98.5683 495.978
  6 5.48142 50.1098 495.708
  7 7.48142 99.8901 495.202
  8 9.48142 50.006 495.329
  9 11.4814 99.987 495.919
  10 13.4814 50.0072 496.885
  11 15.4814 99.8024 497.936
  12 17.4814 50.1975 497.168
  13 19.4814 97.8149 499.575
  14 21.4814 52.1851 501.421
  15 23.4814 89.2942 499.024
  16 25.4814 60.7058 498.03
  17 27.4814 72.9998 498.148
  18 29.4814 77.0002 495.375
  19 31.4814 57.7591 496.369
  20 33.4814 92.2409 496.298
  21 35.4814 51.3663 496.723
  22 37.4814 98.6337 498.145
  23 39.4814 50.1158 498.954
  24 41.4814 99.8836 498.866
  25 43.4814 50.0044 498.604
  26 45.4814 99.9831 500.863
  27 47.4814 50.0132 500.515
  28 49.4814 99.6793 499.194
  29 51.4814 50.3206 497.899
  30 53.4814 97.2531 498.537
  31 55.4814 52.7469 499.458
  32 57.4814 87.7084 499.887
  33 59.4814 62.2916 499.176
  34 61.4814 70.8999 503.426
  35 63.4814 79.1001 502.677
  36 65.4814 56.3694 499.985
  37 67.4814 93.6306 498.809
  38 69.4814 50.8939 497.938
  39 71.4814 99.1061 500.688
  40 73.4814 50.0542 498.881
  41 75.4814 99.9452 500.76
  42 77.4814 50.0035 499.146
  43 79.4814 99.9783 498.105
  44 81.4814 50.019 496.498
  45 83.4814 99.6365 497.514
  46 85.4814 50.3633 500.706
  47 87.4814 96.643 498.904
  48 89.4814 53.357 501.441
  49 91.4814 85.9987 501.796
  50 93.4814 64.0013 499.862
  51 95.4814 68.9032 502.777
  52 97.4814 81.0968 501.259
  53 99.4814 55.489 502.794
  54 101.481 94.511 501.432
  55 103.481 50.86 500.513
  56 105.481 99.14 499.973
  57 107.481 50.0614 500.945
  58 109.481 99.9378 498.074
  59 111.481 50.0036 495.315
  60 113.481 99.9621 500.183
  61 115.481 50.0351 499.744
  62 117.481 99.4728 498.42
  63 119.481 50.5272 495.579
  64 121.481 95.8795 495.876
  65 123.481 54.1205 495.064
  66 125.481 84.248 496.174
  67 127.481 65.752 493.72
  68 129.481 66.8614 498.186
  69 131.481 8.10476 500.074
