# Chunk-averaged data for fix 3 and group all
# Timestep Number-of-chunks Total-count
# Chunk Coord1 Ncount v_temp1
200000 69 5000
  1 -4.51858 75.0076 497.298
  2 -2.51858 59.0429 499.315
  3 -0.518584 90.9571 498.452
  4 1.48142 51.6347 499.361
  5 3.48142 98.3653 498.353
  6 5.48142 50.1496 498.595
  7 7.48142 99.85 500.54
  8 9.48142 50.0054 499.683
  9 11.4814 99.9882 500.222
  10 13.4814 50.0068 499.785
  11 15.4814 99.8176 498.991
  12 17.4814 50.1823 498.396
  13 19.4814 97.8254 500.841
  14 21.4814 52.1746 498.06
  15 23.4814 89.2293 499.114
  16 25.4814 60.7707 501.048
  17 27.4814 72.8953 499.175
  18 29.4814 77.1047 500.539
  19 31.4814 57.6269 501.286
  20 33.4814 92.3731 497.67
  21 35.4814 51.3404 499.548
  22 37.4814 98.6596 499.327
  23 39.4814 50.0979 498.555
  24 41.4814 99.9021 496.358
  25 43.4814 50.0037 496.926
  26 45.4814 99.9852 501.589
  27 47.4814 50.011 500.067
  28 49.4814 99.7576 497.734
  29 51.4814 50.2424 501.632
  30 53.4814 97.418 500.523
  31 55.4814 52.582 502.719
  32 57.4814 87.7466 500.618
  33 59.4814 62.2534 501.913
  34 61.4814 70.8692 502.515
  35 63.4814 79.1308 500.612
  36 65.4814 56.4246 500.198
  37 67.4814 93.5754 496.354
  38 69.4814 51.008 498.722
  39 71.4814 98.992 497.876
  40 73.4814 50.0609 496.419
  41 75.4814 99.9386 496.501
  42 77.4814 50.0021 496.245
  43 79.4814 99.9856 496.201
  44 81.4814 50.0129 497.233
  45 83.4814 99.6816 496.044
  46 85.4814 50.3183 493.749
  47 87.4814 96.6455 494.955
  48 89.4814 53.3545 493.825
  49 91.4814 86.1373 495.964
  50 93.4814 63.8627 494.897
  51 95.4814 68.69 493.807
  52 97.4814 81.31 496.295
  53 99.4814 55.3062 499.935
  54 101.481 94.6938 496.445
  55 103.481 50.7683 494.283
  56 105.481 99.2317 496.276
  57 107.481 50.0509 500.751
  58 109.481 99.9483 498.966
  59 111.481 50.0023 498.382
  60 113.481 99.973 501.209
  61 115.481 50.0256 502.893
  62 117.481 99.5384 501.889
  63 119.481 50.4616 499.565
  64 121.481 96.1589 498.623
  65 123.481 53.8411 500.58
  66 125.481 84.3965 499.392
  67 127.481 65.6035 497.835
  68 129.481 66.8888 499.017
  69 131.481 8.10358 497.29
