# Chunk-averaged data for fix 3 and group all
# Timestep Number-of-chunks Total-count
# Chunk Coord1 Ncount v_temp1
200000 69 5000
  1 -4.51858 75.0619 483.707
  2 -2.51858 59.3007 486.978
  3 -0.518584 90.6993 487.496
  4 1.48142 51.6123 487.148
  5 3.48142 98.3877 489.573
  6 5.48142 50.1221 490.187
  7 7.48142 99.8778 491.53
  8 9.48142 50.0062 491.878
  9 11.4814 99.9874 493.57
  10 13.4814 50.0067 493.669
  11 15.4814 99.8177 493.384
  12 17.4814 50.1821 491.962
  13 19.4814 98.0284 494.929
  14 21.4814 51.9716 496.251
  15 23.4814 89.6427 496.894
  16 25.4814 60.3573 498.067
  17 27.4814 73.2294 496.834
  18 29.4814 76.7706 496.981
  19 31.4814 57.9393 499.285
  20 33.4814 92.0607 499.402
  21 35.4814 51.3496 497.501
  22 37.4814 98.6504 498.314
  23 39.4814 50.1039 499.809
  24 41.4814 99.8958 500.401
  25 43.4814 50.0048 501.551
  26 45.4814 99.9813 503.299
  27 47.4814 50.0142 506.08
  28 49.4814 99.689 502.542
  29 51.4814 50.311 504.312
  30 53.4814 97.1402 505.104
  31 55.4814 52.8599 505.694
  32 57.4814 87.3192 508.597
  33 59.4814 62.6808 511.927
  34 61.4814 71.1919 516.427
  35 63.4814 78.8081 516.053
  36 65.4814 56.8385 509.274
  37 67.4814 93.1615 508.427
  38 69.4814 51.0385 509.1
  39 71.4814 98.9615 507.192
  40 73.4814 50.0679 505.075
  41 75.4814 99.9313 504.803
  42 77.4814 50.004 501.315
  43 79.4814 99.9765 506.081
  44 81.4814 50.0203 506.118
  45 83.4814 99.6103 501.821
  46 85.4814 50.3897 501.814
  47 87.4814 96.5682 500.444
  48 89.4814 53.4318 499.676
  49 91.4814 85.9509 499.739
  50 93.4814 64.0491 496.217
  51 95.4814 68.5827 496.598
  52 97.4814 81.4173 499.91
  53 99.4814 55.22 499.26
  54 101.481 94.78 496.155
  55 103.481 50.7175 492.741
  56 105.481 99.2825 496.164
  57 107.481 50.0429 496.829
  58 109.481 99.9562 496.366
  59 111.481 50.0023 497.132
  60 113.481 99.9708 496.026
  61 115.481 50.0278 495.635
  62 117.481 99.4155 494.358
  63 119.481 50.5845 494.574
  64 121.481 95.6306 495.031
  65 123.481 54.3694 492.135
  66 125.481 83.9113 492.519
  67 127.481 66.0887 491.036
  68 129.481 67.0972 488.255
  69 131.481 7.84089 482.697
