# Chunk-averaged data for fix 3 and group all
# Timestep Number-of-chunks Total-count
# Chunk Coord1 Ncount v_temp1
200000 69 5000
  1 -4.51858 74.9813 496.532
  2 -2.51858 59.3384 498.745
  3 -0.518584 90.6616 498.216
  4 1.48142 51.7028 498.333
  5 3.48142 98.2972 498.573
  6 5.48142 50.1188 497.398
  7 7.48142 99.8811 498.049
  8 9.48142 50.005 497.414
  9 11.4814 99.9874 498.087
  10 13.4814 50.0077 499.041
  11 15.4814 99.7776 498.688
  12 17.4814 50.2224 496.255
  13 19.4814 97.6674 496.635
  14 21.4814 52.3326 493.971
  15 23.4814 89.0679 499.382
  16 25.4814 60.9321 501.901
  17 27.4814 72.9319 499.332
  18 29.4814 77.0681 502.409
  19 31.4814 57.8989 499.762
  20 33.4814 92.1011 499.362
  21 35.4814 51.369 500.536
  22 37.4814 98.631 496.453
  23 39.4814 50.1181 495.718
  24 41.4814 99.8817 498.76
  25 43.4814 50.0043 499.865
  26 45.4814 99.9818 503.591
  27 47.4814 50.0142 501.434
  28 49.4814 99.6979 499.475
  29 51.4814 50.3021 502.093
  30 53.4814 97.1293 502.737
  31 55.4814 52.8707 499.492
  32 57.4814 87.5444 501.837
  33 59.4814 62.4556 498.45
  34 61.4814 70.9603 500.52
  35 63.4814 79.0397 497.454
  36 65.4814 56.65 498.516
  37 67.4814 93.35 496.897
  38 69.4814 51.018 498.199
  39 71.4814 98.982 499.97
  40 73.4814 50.0662 498.638
  41 75.4814 99.9336 498.321
  42 77.4814 50.0026 499.278
  43 79.4814 99.9823 497.914
  44 81.4814 50.0154 498.742
  45 83.4814 99.6049 499.474
  46 85.4814 50.3951 497.841
  47 87.4814 96.5135 498.373
  48 89.4814 53.4865 498.117
  49 91.4814 86.0046 494.703
  50 93.4814 63.9954 495.286
  51 95.4814 68.9059 494.802
  52 97.4814 81.0941 494.825
  53 99.4814 55.5383 494.248
  54 101.481 94.4617 496.012
  55 103.481 50.8741 496.057
  56 105.481 99.1259 495.423
  57 107.481 50.0653 497.817
  58 109.481 99.9338 496.77
  59 111.481 50.0028 499.218
  60 113.481 99.9672 500.688
  61 115.481 50.031 497.744
  62 117.481 99.4949 500.435
  63 119.481 50.5051 497.848
  64 121.481 95.8675 499.603
  65 123.481 54.1325 502.039
  66 125.481 84.231 502.213
  67 127.481 65.769 499.593
  68 129.481 67.1466 499.635
  69 131.481 7.87208 497.809
