# Chunk-averaged data for fix 3 and group all
# Timestep Number-of-chunks Total-count
# Chunk Coord1 Ncount v_temp1
200000 69 5000
  1 -4.51858 74.9993 501.059
  2 -2.51858 58.9571 499.909
  3 -0.518584 91.0429 496.841
  4 1.48142 51.5388 496.461
  5 3.48142 98.4612 497.51
  6 5.48142 50.1036 497.936
  7 7.48142 99.8962 496.022
  8 9.48142 50.0045 496.09
  9 11.4814 99.9863 496.106
  10 13.4814 50.0097 497.326
  11 15.4814 99.8174 499.923
  12 17.4814 50.1823 498.887
  13 19.4814 97.8213 498.236
  14 21.4814 52.1787 500.87
  15 23.4814 89.2068 498.722
  16 25.4814 60.7932 496.132
  17 27.4814 72.9642 497.603
  18 29.4814 77.0358 498.415
  19 31.4814 57.7006 500.253
  20 33.4814 92.2994 497.631
  21 35.4814 51.3308 502.354
  22 37.4814 98.6692 500.077
  23 39.4814 50.1074 501.376
  24 41.4814 99.8924 499.824
  25 43.4814 50.0044 498.25
  26 45.4814 99.9835 500.521
  27 47.4814 50.0125 499.147
  28 49.4814 99.7052 500.356
  29 51.4814 50.2946 501.568
  30 53.4814 97.2513 501.179
  31 55.4814 52.7487 500.627
  32 57.4814 87.6501 500.748
  33 59.4814 62.3499 501.771
  34 61.4814 70.8602 500.767
  35 63.4814 79.1398 499.978
  36 65.4814 56.3627 500.031
  37 67.4814 93.6373 498.216
  38 69.4814 50.9222 499.1
  39 71.4814 99.0778 500.365
  40 73.4814 50.0473 496.635
  41 75.4814 99.9527 496.678
  42 77.4814 50.0015 493.835
  43 79.4814 99.9852 493.033
  44 81.4814 50.0134 495.93
  45 83.4814 99.665 495.115
  46 85.4814 50.3349 495.207
  47 87.4814 96.6614 497.649
  48 89.4814 53.3386 495.954
  49 91.4814 86.0564 498.439
  50 93.4814 63.9436 497.558
  51 95.4814 68.8667 497.727
  52 97.4814 81.1333 497.103
  53 99.4814 55.2629 497.521
  54 101.481 94.7371 499.227
  55 103.481 50.8005 502.048
  56 105.481 99.1995 499.33
  57 107.481 50.0609 499.724
  58 109.481 99.9383 500.029
  59 111.481 50.0036 497.616
  60 113.481 99.9678 498.868
  61 115.481 50.0295 495.965
  62 117.481 99.5042 497.965
  63 119.481 50.4958 499.362
  64 121.481 96 497.211
  65 123.481 54 497.883
  66 125.481 84.2144 500.765
  67 127.481 65.7856 501.631
  68 129.481 67.0613 501.84
  69 131.481 7.93941 500.44
