# Chunk-averaged data for fix 3 and group all
# Timestep Number-of-chunks Total-count
# Chunk Coord1 Ncount v_temp1
200000 69 5000
  1 -4.51858 74.9497 498.058
  2 -2.51858 59.2203 498.182
  3 -0.518584 90.7797 500.431
  4 1.48142 51.6427 499.399
  5 3.48142 98.3573 497.982
  6 5.48142 50.127 499.973
  7 7.48142 99.8729 500.603
  8 9.48142 50.0064 495.731
  9 11.4814 99.9858 498.161
  10 13.4814 50.008 495.891
  11 15.4814 99.7921 496.481
  12 17.4814 50.2078 495.643
  13 19.4814 97.7385 495.411
  14 21.4814 52.2615 498.362
  15 23.4814 89.1175 495.586
  16 25.4814 60.8824 496.824
  17 27.4814 72.9313 497.88
  18 29.4814 77.0687 496.36
  19 31.4814 57.7691 497.516
  20 33.4814 92.2309 497.504
  21 35.4814 51.4833 500.877
  22 37.4814 98.5167 499.708
  23 39.4814 50.1334 499.119
  24 41.4814 99.8663 497.208
  25 43.4814 50.005 498.791
  26 45.4814 99.9752 498.633
  27 47.4814 50.0202 499.848
  28 49.4814 99.6547 499.212
  29 51.4814 50.3451 500.016
  30 53.4814 96.9487 502.174
  31 55.4814 53.0513 500.478
  32 57.4814 87.4691 498.28
  33 59.4814 62.5309 498.991
  34 61.4814 71.0493 500.946
  35 63.4814 78.9507 499.421
  36 65.4814 56.805 499.365
  37 67.4814 93.195 499.21
  38 69.4814 51.0688 500.612
  39 71.4814 98.9312 498.583
  40 73.4814 50.0628 498.496
  41 75.4814 99.9368 501.419
  42 77.4814 50.0025 500.981
  43 79.4814 99.9792 502.267
  44 81.4814 50.0188 502.234
  45 83.4814 99.6223 499.384
  46 85.4814 50.3776 496.551
  47 87.4814 96.5658 496.25
  48 89.4814 53.4342 495.774
  49 91.4814 85.8588 498.779
  50 93.4814 64.1412 496.384
  51 95.4814 68.75 495.698
  52 97.4814 81.25 496.282
  53 99.4814 55.5041 499.074
  54 101.481 94.4959 495.9
  55 103.481 50.8868 494.94
  56 105.481 99.1132 497.476
  57 107.481 50.0656 496.347
  58 109.481 99.9328 497.727
  59 111.481 50.0044 498.032
  60 113.481 99.9571 499.795
  61 115.481 50.0402 501.932
  62 117.481 99.4323 499.764
  63 119.481 50.5675 500.011
  64 121.481 95.6049 502.201
  65 123.481 54.3951 499.402
  66 125.481 84.1927 498.914
  67 127.481 65.8073 498.673
  68 129.481 67.2018 499.548
  69 131.481 7.84858 499.653
