# Chunk-averaged data for fix 3 and group all
# Timestep Number-of-chunks Total-count
# Chunk Coord1 Ncount v_temp1
200000 69 5000
  1 -4.51858 74.9985 496.979
  2 -2.51858 59.1187 498.233
  3 -0.518584 90.8813 494.611
  4 1.48142 51.5907 495.708
  5 3.48142 98.4093 495.741
  6 5.48142 50.1146 497.359
  7 7.48142 99.8854 495.897
  8 9.48142 50.0061 495.61
  9 11.4814 99.9865 498.166
  10 13.4814 50.0076 498.853
  11 15.4814 99.7991 499.873
  12 17.4814 50.2008 498.62
  13 19.4814 97.7737 498.344
  14 21.4814 52.2263 499.849
  15 23.4814 89.079 497.115
  16 25.4814 60.921 498.146
  17 27.4814 73.053 497.41
  18 29.4814 76.947 496.71
  19 31.4814 57.9983 494.728
  20 33.4814 92.0017 496.042
  21 35.4814 51.4604 495.341
  22 37.4814 98.5396 497.574
  23 39.4814 50.1144 497.312
  24 41.4814 99.8852 496.067
  25 43.4814 50.0055 499.54
  26 45.4814 99.9809 502.457
  27 47.4814 50.014 498.929
  28 49.4814 99.7135 501.861
  29 51.4814 50.2865 501.758
  30 53.4814 97.1771 499.443
  31 55.4814 52.8229 501.357
  32 57.4814 87.6534 501.165
  33 59.4814 62.3466 501.923
  34 61.4814 71.0068 503.987
  35 63.4814 78.9932 502.539
  36 65.4814 56.6272 502.316
  37 67.4814 93.3728 500.387
  38 69.4814 50.9541 500.076
  39 71.4814 99.0459 501.574
  40 73.4814 50.0584 501.531
  41 75.4814 99.9415 499.409
  42 77.4814 50.0026 499
  43 79.4814 99.9798 499.647
  44 81.4814 50.0179 500.368
  45 83.4814 99.6011 498.547
  46 85.4814 50.3987 494.605
  47 87.4814 96.5651 498.368
  48 89.4814 53.4349 496.946
  49 91.4814 85.829 497.398
  50 93.4814 64.171 496.755
  51 95.4814 68.9762 496.77
  52 97.4814 81.0238 497.34
  53 99.4814 55.6639 497.897
  54 101.481 94.3361 496.753
  55 103.481 50.8839 495.388
  56 105.481 99.1161 498.666
  57 107.481 50.0615 498.833
  58 109.481 99.9371 500.053
  59 111.481 50.003 500.377
  60 113.481 99.9652 501.356
  61 115.481 50.0333 497.52
  62 117.481 99.4978 499.53
  63 119.481 50.5021 497.355
  64 121.481 95.7713 499.414
  65 123.481 54.2287 496.756
  66 125.481 84.1978 497.81
  67 127.481 65.8022 498.805
  68 129.481 67.1339 498.244
  69 131.481 7.86769 497.403
