# Chunk-averaged data for fix 3 and group all
# Timestep Number-of-chunks Total-count
# Chunk Coord1 Ncount v_temp1
200000 69 5000
  1 -4.51858 74.9907 495.299
  2 -2.51858 59.283 498.66
  3 -0.518584 90.717 497.42
  4 1.48142 51.7837 501.216
  5 3.48142 98.2163 496.538
  6 5.48142 50.132 493.946
  7 7.48142 99.8678 495.635
  8 9.48142 50.0072 493.936
  9 11.4814 99.9835 496.368
  10 13.4814 50.0099 497.196
  11 15.4814 99.761 495.009
  12 17.4814 50.2387 497.795
  13 19.4814 97.5244 501.897
  14 21.4814 52.4756 501.254
  15 23.4814 89.0426 500.958
  16 25.4814 60.9574 497.179
  17 27.4814 73.0367 495.581
  18 29.4814 76.9633 498.44
  19 31.4814 57.6996 500.103
  20 33.4814 92.3004 498.374
  21 35.4814 51.2638 499.87
  22 37.4814 98.7361 500.508
  23 39.4814 50.102 501.247
  24 41.4814 99.8979 500.06
  25 43.4814 50.0033 502.219
  26 45.4814 99.9844 503.419
  27 47.4814 50.0126 500.366
  28 49.4814 99.7049 499.162
  29 51.4814 50.2949 498.429
  30 53.4814 97.2293 498.283
  31 55.4814 52.7707 500.18
  32 57.4814 87.6693 500.092
  33 59.4814 62.3307 500.578
  34 61.4814 70.9325 503.858
  35 63.4814 79.0675 503.235
  36 65.4814 56.7639 501.993
  37 67.4814 93.2361 502.699
  38 69.4814 51.1127 502.264
  39 71.4814 98.8873 500.752
  40 73.4814 50.0679 499.609
  41 75.4814 99.9315 497.973
  42 77.4814 50.0032 499.432
  43 79.4814 99.9766 497.795
  44 81.4814 50.0209 496.317
  45 83.4814 99.5344 499.537
  46 85.4814 50.4656 498.928
  47 87.4814 96.3638 499.927
  48 89.4814 53.6362 500.908
  49 91.4814 85.7713 497.479
  50 93.4814 64.2287 496.934
  51 95.4814 68.9039 497.467
  52 97.4814 81.0961 497.298
  53 99.4814 55.3722 495.78
  54 101.481 94.6278 494.098
  55 103.481 50.7019 492.645
  56 105.481 99.2981 497.412
  57 107.481 50.0549 496.736
  58 109.481 99.9448 497.019
  59 111.481 50.0024 500.292
  60 113.481 99.9679 498.469
  61 115.481 50.0301 497.664
  62 117.481 99.4718 497.749
  63 119.481 50.5282 495.705
  64 121.481 95.8826 497.983
  65 123.481 54.1174 499.002
  66 125.481 84.2209 497.846
  67 127.481 65.7791 499.124
  68 129.481 67.0711 496.78
  69 131.481 7.93823 495.661
