# Chunk-averaged data for fix 3 and group all
# Timestep Number-of-chunks Total-count
# Chunk Coord1 Ncount v_temp1
200000 69 5000
  1 -4.51858 74.99 495.343
  2 -2.51858 59.0303 494.167
  3 -0.518584 90.9697 497.045
  4 1.48142 51.5906 493.49
  5 3.48142 98.4094 494.792
  6 5.48142 50.1359 498.648
  7 7.48142 99.864 497.268
  8 9.48142 50.0064 496.637
  9 11.4814 99.9854 499.351
  10 13.4814 50.0084 500.229
  11 15.4814 99.7846 497.274
  12 17.4814 50.2152 495.647
  13 19.4814 97.6284 499.211
  14 21.4814 52.3716 495.791
  15 23.4814 88.966 496.482
  16 25.4814 61.034 497.545
  17 27.4814 73.0933 496.609
  18 29.4814 76.9067 499.857
  19 31.4814 58.0441 499.517
  20 33.4814 91.9559 500.132
  21 35.4814 51.42 500.759
  22 37.4814 98.58 499.985
  23 39.4814 50.133 500.642
  24 41.4814 99.867 500.69
  25 43.4814 50.0037 497.275
  26 45.4814 99.9817 499.065
  27 47.4814 50.0147 501.984
  28 49.4814 99.6821 502.734
  29 51.4814 50.3179 505.691
  30 53.4814 97.1869 503.059
  31 55.4814 52.8131 500.47
  32 57.4814 87.7303 501.462
  33 59.4814 62.2697 499.541
  34 61.4814 70.9586 500.357
  35 63.4814 79.0414 500.582
  36 65.4814 56.5653 499.896
  37 67.4814 93.4347 499.95
  38 69.4814 50.9497 500.792
  39 71.4814 99.0503 500.258
  40 73.4814 50.0692 500.944
  41 75.4814 99.9306 502.744
  42 77.4814 50.0023 496.867
  43 79.4814 99.9797 501.006
  44 81.4814 50.0183 498.838
  45 83.4814 99.6236 495.473
  46 85.4814 50.3764 496.158
  47 87.4814 96.4407 497.63
  48 89.4814 53.5593 498.184
  49 91.4814 85.6798 498.735
  50 93.4814 64.3202 498.927
  51 95.4814 68.9228 499.411
  52 97.4814 81.0772 497.023
  53 99.4814 55.6566 499.283
  54 101.481 94.3434 500.007
  55 103.481 50.8606 496.717
  56 105.481 99.1394 499.638
  57 107.481 50.058 499.696
  58 109.481 99.9413 497.974
  59 111.481 50.0017 497.441
  60 113.481 99.9705 495.482
  61 115.481 50.0285 495.319
  62 117.481 99.4527 499.047
  63 119.481 50.5473 497.474
  64 121.481 95.8869 496.43
  65 123.481 54.1131 496.57
  66 125.481 84.3253 495.268
  67 127.481 65.6747 496.349
  68 129.481 66.958 495.47
  69 131.481 8.05204 496.639
