# Chunk-averaged data for fix 3 and group all
# Timestep Number-of-chunks Total-count
# Chunk Coord1 Ncount v_temp1
200000 69 5000
  1 -4.51858 75.0091 495.834
  2 -2.51858 59.1394 496.664
  3 -0.518584 90.8606 492.6
  4 1.48142 51.653 494.588
  5 3.48142 98.347 495.097
  6 5.48142 50.1168 494.358
  7 7.48142 99.8828 494.288
  8 9.48142 50.0042 494.199
  9 11.4814 99.9911 494.788
  10 13.4814 50.0051 497.191
  11 15.4814 99.8339 498.592
  12 17.4814 50.1661 495.968
  13 19.4814 97.8005 496.811
  14 21.4814 52.1995 494.437
  15 23.4814 89.2666 496.973
  16 25.4814 60.7334 495.995
  17 27.4814 72.9916 494.06
  18 29.4814 77.0084 497.03
  19 31.4814 57.964 497.519
  20 33.4814 92.036 498.345
  21 35.4814 51.3965 500.138
  22 37.4814 98.6035 500.335
  23 39.4814 50.1192 501.905
  24 41.4814 99.8801 501.498
  25 43.4814 50.0051 500.997
  26 45.4814 99.979 501.225
  27 47.4814 50.0166 499.1
  28 49.4814 99.7231 496.822
  29 51.4814 50.2769 500.355
  30 53.4814 97.2815 497.407
  31 55.4814 52.7185 496.83
  32 57.4814 87.8261 498.597
  33 59.4814 62.1739 497.968
  34 61.4814 71.0554 502.292
  35 63.4814 78.9446 502.564
  36 65.4814 56.6679 501.442
  37 67.4814 93.332 500.122
  38 69.4814 51.0234 500.509
  39 71.4814 98.9766 500.23
  40 73.4814 50.0611 500.49
  41 75.4814 99.9384 501.018
  42 77.4814 50.0022 500.453
  43 79.4814 99.981 499.089
  44 81.4814 50.0173 503.129
  45 83.4814 99.6416 502.498
  46 85.4814 50.3583 499.099
  47 87.4814 96.6262 500.299
  48 89.4814 53.3738 501.297
  49 91.4814 85.9384 501.066
  50 93.4814 64.0616 500.976
  51 95.4814 68.8279 499.988
  52 97.4814 81.1721 496.476
  53 99.4814 55.6124 499.81
  54 101.481 94.3876 501.544
  55 103.481 50.7863 496.065
  56 105.481 99.2137 498.995
  57 107.481 50.0513 501.133
  58 109.481 99.9477 497.772
  59 111.481 50.0029 500.723
  60 113.481 99.9645 500.323
  61 115.481 50.0336 501.309
  62 117.481 99.4802 500.091
  63 119.481 50.5198 499.042
  64 121.481 95.8812 500.803
  65 123.481 54.1188 499.417
  66 125.481 84.3781 494.982
  67 127.481 65.6219 496.27
  68 129.481 67.0243 494.606
  69 131.481 7.96655 491.46
