# Chunk-averaged data for fix 3 and group all
# Timestep Number-of-chunks Total-count
# Chunk Coord1 Ncount v_temp1
200000 69 5000
  1 -4.51858 74.961 489.923
  2 -2.51858 59.3489 493.853
  3 -0.518584 90.6511 492.673
  4 1.48142 51.7638 493.892
  5 3.48142 98.2362 496.572
  6 5.48142 50.1417 494.335
  7 7.48142 99.858 495.426
  8 9.48142 50.0067 496.597
  9 11.4814 99.9865 494.553
  10 13.4814 50.0074 497.363
  11 15.4814 99.8118 493.101
  12 17.4814 50.188 494.305
  13 19.4814 97.7789 495.712
  14 21.4814 52.2211 496.411
  15 23.4814 89.4519 497.249
  16 25.4814 60.5481 495.403
  17 27.4814 72.9752 495.188
  18 29.4814 77.0248 495.841
  19 31.4814 57.6598 493.98
  20 33.4814 92.3402 493.824
  21 35.4814 51.364 493.779
  22 37.4814 98.636 496.687
  23 39.4814 50.1248 496.796
  24 41.4814 99.8749 497.131
  25 43.4814 50.0065 496.233
  26 45.4814 99.9746 500.393
  27 47.4814 50.0194 500.537
  28 49.4814 99.6424 499.966
  29 51.4814 50.3573 499.568
  30 53.4814 97.0561 500.688
  31 55.4814 52.9439 500.324
  32 57.4814 87.5539 502.461
  33 59.4814 62.4461 501.795
  34 61.4814 71.2024 506.714
  35 63.4814 78.7976 507.635
  36 65.4814 56.9197 505.314
  37 67.4814 93.0803 505.516
  38 69.4814 51.0743 500.518
  39 71.4814 98.9257 500.734
  40 73.4814 50.0895 501.848
  41 75.4814 99.9098 500.615
  42 77.4814 50.0041 502.811
  43 79.4814 99.9761 503.2
  44 81.4814 50.0206 500.048
  45 83.4814 99.5992 503.74
  46 85.4814 50.4008 500.492
  47 87.4814 96.4239 500.427
  48 89.4814 53.5761 503.942
  49 91.4814 85.9736 503.246
  50 93.4814 64.0264 503.916
  51 95.4814 68.7873 504.684
  52 97.4814 81.2127 504.548
  53 99.4814 55.4387 504.788
  54 101.481 94.5613 501.515
  55 103.481 50.8382 498.534
  56 105.481 99.1618 500.908
  57 107.481 50.0579 499.462
  58 109.481 99.9411 495.767
  59 111.481 50.0039 497.773
  60 113.481 99.9504 499.008
  61 115.481 50.0466 499.854
  62 117.481 99.3796 496.572
  63 119.481 50.6203 496.128
  64 121.481 95.6978 494.765
  65 123.481 54.3022 493.374
  66 125.481 84.2474 495.57
  67 127.481 65.7526 495.548
  68 129.481 67.0744 493.173
  69 131.481 7.96465 490.564
