# Chunk-averaged data for fix 3 and group all
# Timestep Number-of-chunks Total-count
# Chunk Coord1 Ncount v_temp1
500000 41 3000
  1 -2.31115 75.0051 485.646
  2 -0.311151 58.9264 490.769
  3 1.68885 91.0736 494.168
  4 3.68885 51.6183 493.993
  5 5.68885 98.3817 496.881
  6 7.68885 50.1275 498.17
  7 9.68885 99.8724 499.639
  8 11.6888 50.0049 502.17
  9 13.6888 99.9892 497.02
  10 15.6888 50.0061 499.735
  11 17.6888 99.8477 500.283
  12 19.6888 50.1523 496.449
  13 21.6888 98.0647 500.321
  14 23.6888 51.9353 500.671
  15 25.6888 89.8201 500.726
  16 27.6888 60.1799 503.596
  17 29.6888 72.9088 503.018
  18 31.6888 77.0912 503.396
  19 33.6888 57.5022 504.636
  20 35.6888 92.4978 504.71
  21 37.6888 51.3316 510.655
  22 39.6888 98.6684 508.351
  23 41.6888 50.1051 501.321
  24 43.6888 99.8945 503.498
  25 45.6888 50.0038 501.692
  26 47.6888 99.9856 500.541
  27 49.6888 50.011 503.365
  28 51.6888 99.769 499.452
  29 53.6888 50.231 499.547
  30 55.6888 97.5448 499.994
  31 57.6888 52.4552 496.745
  32 59.6888 88.2627 496.389
  33 61.6888 61.7373 496.806
  34 63.6888 70.6349 497.223
  35 65.6888 79.3651 497.016
  36 67.6888 56.2104 495.979
  37 69.6888 93.7896 496.28
  38 71.6888 50.9174 496.911
  39 73.6888 99.0826 494.081
  40 75.6888 50.0579 492.503
  41 77.6888 74.937 489.44
