# Chunk-averaged data for fix 3 and group all
# Timestep Number-of-chunks Total-count
# Chunk Coord1 Ncount v_temp1
500000 28 2000
  1 -1.20743 75.0179 487.057
  2 0.792566 58.7239 491.879
  3 2.79257 91.2761 494.245
  4 4.79257 51.5558 496.698
  5 6.79257 98.4442 498.033
  6 8.79257 50.1423 499.364
  7 10.7926 99.8575 501.154
  8 12.7926 50.0058 501.394
  9 14.7926 99.9867 501.095
  10 16.7926 50.0078 501.901
  11 18.7926 99.8152 502.285
  12 20.7926 50.1847 504.446
  13 22.7926 97.9008 507.461
  14 24.7926 52.0992 511.757
  15 26.7926 89.6317 512.084
  16 28.7926 60.3683 507.143
  17 30.7926 72.7922 504.455
  18 32.7926 77.2078 503.27
  19 34.7926 57.4581 501.568
  20 36.7926 92.5419 501.923
  21 38.7926 51.226 500.575
  22 40.7926 98.774 501.297
  23 42.7926 50.0907 500.246
  24 44.7926 99.9092 500.016
  25 46.7926 50.0037 495.917
  26 48.7926 99.9857 494.186
  27 50.7926 50.0108 492.435
  28 52.7926 24.9821 488.259
