# Chunk-averaged data for fix 3 and group all
# Timestep Number-of-chunks Total-count
# Chunk Coord1 Ncount v_temp1
500000 55 4000
  1 -3.41487 75.0429 500.206
  2 -1.41487 59.2692 503.32
  3 0.585133 90.7308 505.73
  4 2.58513 51.8337 505.502
  5 4.58513 98.1663 504.382
  6 6.58513 50.1613 502.781
  7 8.58513 99.8383 504.924
  8 10.5851 50.0055 504.355
  9 12.5851 99.9869 505.059
  10 14.5851 50.0081 506.67
  11 16.5851 99.8052 504.794
  12 18.5851 50.1947 506.696
  13 20.5851 97.9465 504.561
  14 22.5851 52.0535 506.653
  15 24.5851 89.5765 509.55
  16 26.5851 60.4235 508.676
  17 28.5851 73.0407 509.46
  18 30.5851 76.9593 508.332
  19 32.5851 57.7393 507.37
  20 34.5851 92.2607 507.467
  21 36.5851 51.3793 507.853
  22 38.5851 98.6207 508.788
  23 40.5851 50.1204 510.441
  24 42.5851 99.8791 509.412
  25 44.5851 50.006 511.599
  26 46.5851 99.9782 513.896
  27 48.5851 50.0163 514.122
  28 50.5851 99.6777 516.507
  29 52.5851 50.3222 514.785
  30 54.5851 97.1012 512.244
  31 56.5851 52.8987 512.68
  32 58.5851 87.6858 512.61
  33 60.5851 62.3142 510.274
  34 62.5851 70.7847 510.07
  35 64.5851 79.2153 508.552
  36 66.5851 56.2459 509.853
  37 68.5851 93.7541 507.918
  38 70.5851 50.9326 506.079
  39 72.5851 99.0674 505.67
  40 74.5851 50.0678 506.715
  41 76.5851 99.9316 506.128
  42 78.5851 50.0036 510.091
  43 80.5851 99.9756 509.062
  44 82.5851 50.0214 508.656
  45 84.5851 99.6081 507.164
  46 86.5851 50.3919 505.085
  47 88.5851 96.7823 504.838
  48 90.5851 53.2177 505.45
  49 92.5851 86.139 504.778
  50 94.5851 63.861 505.286
  51 96.5851 68.7598 503.578
  52 98.5851 81.2402 502.474
  53 100.585 55.5179 503.962
  54 102.585 94.482 503.844
  55 104.585 24.9571 501.435
