# Chunk-averaged data for fix 3 and group all
# Timestep Number-of-chunks Total-count
# Chunk Coord1 Ncount v_temp1
500000 14 1000
  1 -0.103717 75.0727 468.151
  2 1.89628 58.5372 483.345
  3 3.89628 91.4628 490.705
  4 5.89628 51.969 493.314
  5 7.89628 98.031 508.221
  6 9.89628 50.3932 512.016
  7 11.8963 99.6046 524.215
  8 13.8963 50.0291 536.656
  9 15.8963 99.9483 514.532
  10 17.8963 50.0249 508.171
  11 19.8963 99.7986 501.548
  12 21.8963 50.2013 490.318
  13 23.8963 98.2904 487.64
  14 25.8963 26.6369 474.071
